000	【%s】
001	【%s】
002	【%s】
003	【%s】
004	【%s】
005	【%s】
006	【%s】
007	【%s】
008	【%s】
009	【%s】
010	【%s】
011	【%s】
012	【%s】
013	【%s】
014	【%s】
015	【%s】
016	【%s】
017	【%s】
018	【%s】
019	
020	
021	【%s】
022	【%s】
023	【%s】
024	【%s】
025	
026	
027	
028	
029	
030	
031	【%s】
032	【%s】
033	【%s】
034	【%s】
035	【%s】
036	【%s】
037	【%s】
038	【%s】
039	【%s】
040	【%s】
041	【%s】
042	【%s】
043	【%s】
044	【%s】
045	【%s】
046	【%s】
047	【%s】
048	【%s】
049	【%s】
050	【%s】
051	【%s】
052	【%s】
053	【%s】
054	【%s】
055	
056	【%s】
057	【%s】
058	【%s】
059	【%s】
060	
061	
062	
063	
064	【%s】
065	
066	
067	
068	
069	【%s】
070	【%s】
071	【%s】
072	
073	
074	
075	
076	
077	
078	
079	
080	
081	
082	
083	
084	
085	
086	
087	
088	
089	
090	
091	
092	
093	
094	
095	
096	
097	
098	
099	
100	
101	
102	
103	
104	
105	
106	
107	
108	
109	
110	
111	
112	【%s】
113	【%s】
114	【%s】
115	【%s】
116	【%s】
117	【%s】
118	【%s】
119	【%s】
120	
121	
122	
123	【%s】
124	【%s】
125	【%s】
126	
127	
128	
129	
130	
131	
132	
133	
134	
135	
136	
137	
138	
139	
140	
141	
142	
143	
144	
145	
146	【%s】
147	【%s】
148	【%s】
149	【%s】
150	
151	
152	
153	
154	
155	
156	
157	
158	
159	
160	【%s】
161	
162	
163	
164	
165	
166	
167	【%s】
168	【%s】
169	【%s】
170	【%s】
171	【%s】
172	【%s】
173	【%s】
174	【%s】
175	【%s】
176	【%s】
177	【%s】
178	【%s】
179	【%s】
180	【%s】
181	【%s】
182	【%s】
183	【%s】
184	【%s】
185	【%s】
186	
187	
188	
189	
190	
191	
192	
193	
194	
195	
196	
197	
198	
199	
200	
201	
202	
203	
204	
205	【%s】
206	【%s】
207	【%s】
208	【%s】
209	【%s】
210	【%s】
211	【%s】
212	【%s】
213	
214	
215	
216	
217	
218	
219	
220	
221	
222	
223	
224	
225	
226	
227	
228	
229	
230	
231	
232	【%s】
233	
234	
235	【%s】
236	【%s】
237	
238	
239	
240	
241	
242	
243	
244	
245	
246	
247	
248	
249	
250	
251	
252	
253	
254	【%s】
255	【%s】
256	【%s】
257	【%s】
258	【%s】
259	
260	
261	【%s】
262	
263	
264	
265	
266	【%s】
267	【%s】
268	
269	
270	
271	【%s】
272	【%s】
273	
274	
275	
276	
277	
278	
279	
280	【%s】
281	
282	
283	
284	【%s】
285	【%s】
286	【%s】
287	【%s】
288	【%s】
289	【%s】
290	【%s】
291	【%s】
292	【%s】
293	【%s】
294	【%s】
295	
296	
297	
298	
299	
300	
301	
302	
303	【%s】
304	【%s】
305	
306	
307	
308	
309	【%s】
310	【%s】
311	
312	
313	
314	
315	
316	【%s】
317	【%s】
318	【%s】
319	
320	
321	
322	
323	
324	
325	
326	
327	
328	
329	
330	
331	
332	
333	
334	
335	
336	
337	
338	
339	
340	【%s】
341	
342	
343	
344	
345	
346	
347	
348	
349	
350	
351	
352	
353	
354	【%s】
355	【%s】
356	
357	
358	
359	
360	【%s】
361	【%s】
362	【%s】
363	【%s】
364	【%s】
365	【%s】
366	【%s】
367	【%s】
368	
369	
370	
371	
372	
373	
374	
375	【%s】
376	
377	【%s】
378	
379	【%s】
380	【%s】
381	
382	
383	
384	
385	
386	
387	【%s】
388	【%s】
389	
390	
391	
392	
393	
394	
395	
396	
397	
398	
399	
400	
401	
402	
403	
404	
405	【%s】
406	【%s】
407	【%s】
408	
409	
410	
411	
412	【%s】
413	【%s】
414	【%s】
415	
416	
417	【%s】
418	【%s】
419	【%s】
420	【%s】
421	
422	
423	【%s】
424	【%s】
425	
426	
427	【%s】
428	【%s】
429	
430	
431	【%s】
432	
433	
434	
435	
436	
437	
438	【%s】
439	
440	
441	
442	
443	【%s】
444	【%s】
445	【%s】
446	【%s】
447	【%s】
448	
449	
450	【%s】
451	
452	
453	
454	
455	
456	
457	
458	
459	
460	
461	
462	
463	
464	
465	
466	
467	
468	【%s】
469	【%s】
470	
471	
472	
473	
474	
475	
476	
477	
478	
479	
480	
481	
482	
483	
484	
485	
486	
487	
488	
489	
490	
491	
492	
493	
494	
495	
496	
497	
498	
499	
500	
501	
