12	P.MON
-2	-2	1	1011
-2	-2	1	1012
-2	-2	1	1013
-2	-2	1	1026
-2	-2	1	1029
-2	-2	1	1030
-2	-2	1	1031
-2	-2	1	1032
-2	-2	1	1036
-2	-2	1	1038
-2	-2	1	1009
-2	-2	1	1010
12	P.MONA
-2	-2	1	1083
-2	-2	1	1084
-2	-2	1	1085
-2	-2	1	1086
-2	-2	1	1087
-2	-2	1	1088
-2	-2	1	1089
-2	-2	1	1090
-2	-2	1	1091
-2	-2	1	1092
-2	-2	1	1093
-2	-2	1	1094
14	P.EXA
-2	-2	1	1049
-2	-2	1	1051
-2	-2	1	1046
-2	-2	1	1048
-2	-2	1	1054
-2	-2	1	1057
-2	-2	1	1055
-2	-2	1	1050
-2	-2	1	1053
-2	-2	1	1047
-2	-2	1	1052
-2	-2	1	1058
-2	-2	1	1056
-2	-2	1	1045
9	P.CRA
-2	-2	2	1017	1102
-2	-2	2	1018	1103
-2	-2	2	1019	1104
-2	-2	2	1020	1105
-2	-2	2	1021	1106
-2	-2	2	1022	1107
-2	-2	2	1023	1108
-2	-2	2	1024	1109
-2	-2	2	1025	1110
9	P.LIL
-2	-2	1	1130
-2	-2	1	1131
-2	-2	1	1132
-2	-2	1	1133
-2	-2	1	1134
-2	-2	1	1135
-2	-2	1	1136
-2	-2	1	1137
-2	-2	1	1138
5	P.ITCF
-2	-2	2	1000	1097
-2	-2	2	1001	1098
-2	-2	2	1002	1099
-2	-2	2	1003	1100
-2	-2	2	1004	1101
5	P.BLIT
-2	-2	1	1073
-2	-2	1	1074
-2	-2	1	1075
-2	-2	1	1076
-2	-2	1	1077
7	P.MCLS
-2	-2	1	1119
-2	-2	1	1128
-2	-2	2	1111	1158
-2	-2	1	1095
-2	-2	1	1114
-2	-2	1	1117
-2	-2	1	1112
8	P.MCLS
-2	-2	1	1119
-2	-2	1	1128
-2	-2	1	1111
-2	-2	1	1095
-2	-2	1	1114
-2	-2	1	1117
-2	-2	1	1112
-2	-2	1	1158
9	P.CYC
-2	-2	1	1014
-2	-2	1	1015
-2	-2	1	1016
-2	-2	1	1039
-2	-2	1	1043
-2	-2	1	1066
-2	-2	1	1096
-2	-2	1	1122
-2	-2	1	1157
1	P.SALE
-2	-2	9	0	1	2	3	4	5	700	701	702
1	P.SALE
-2	-2	14	0	1	2	3	4	5	6	7	8	9	10	700	701	702
1	P.NIT
-2	-2	12	14000	14001	14002	14003	14004	14005	14006	14007	14008	14009	14010	14011
3	F.CM
0	1	6	1017	1020	1023	1102	1105	1108
1	2	6	1018	1021	1024	1103	1106	1109
2	3	6	1019	1022	1025	1104	1107	1110
3	F.LIL
0	1	3	1130	1133	1136
1	2	3	1131	1134	1137
2	3	3	1132	1135	1138
2	TOWER
0	14	1	7000
0	14	2	9000	9028
1	WM.CF
0	7	10	8000	8001	8002	8003	8004	8005	8006	8007	8008	8010
1	WM.SoL
0	7	10	8000	8001	8002	8003	8004	8005	8006	8007	8009	8011
1	F.CF
0	2	5	1097	1098	1099	1100	1101
3	F.TREA
0	-1	1	100
0	-1	1	101
0	-1	1	104
4	F.DARK
0	14	1	1061
3	14	1	1062
6	14	1	1063
9	14	1	1064